$ 0 0.000005 11.086722712598126 50 5 50
x 230 469 438 472 4 24 HT\sBBD\sNon-Audio
w 464 768 464 752 0
R 208 736 176 736 0 0 40 2.7 0 0 0.5
w 208 768 208 784 0
w 464 800 464 816 0
w 448 816 464 816 0
w 448 848 448 816 0
x 292 761 346 764 4 18 Output
x 163 757 187 760 4 18 VE
w 112 784 160 784 0
g 112 848 112 864 0
c 112 784 112 848 0 1e-8 0.7792864946366449
r 64 784 112 784 0 1000
R 64 784 64 832 0 2 150 0.8 0 0 0.5
r 160 784 160 848 0 47000
g 160 848 160 864 0
c 160 784 208 784 0 3.3000000000000004e-8 -2.3677017147211767
r 208 736 208 768 0 220000
r 208 784 256 784 0 10000
r 256 784 320 784 0 10000
r 320 784 384 784 0 10000
c 256 784 256 848 0 2.7e-9 3.1260377782311664
g 256 848 256 864 0
c 320 784 320 848 0 6.8000000000000005e-9 0.5840880105424242
c 384 784 384 848 0 3.9e-10 3.0772890543294205
t 384 784 464 784 0 1 -1.9062985199569313 0.5596334371515881 100
r 464 816 464 864 0 10000
g 464 864 464 880 0
g 384 848 384 864 0
w 448 848 320 848 0
r 464 752 512 752 0 100
209 464 752 400 752 0 0.00009999999999999999 4.983587574286352 1
g 400 752 400 768 0
R 512 752 528 736 0 0 40 5 0 0 0.5
209 464 624 464 656 0 0.000047 4.855835830245639 1
w 464 624 544 624 0
c 400 608 400 656 0 1e-8 -0.0004012795998351721
w 368 576 576 576 0
209 368 528 368 576 0 0.000047 0.8525498998216356 1
d 464 480 464 544 1 0.805904783
w 464 544 464 624 0
w 416 480 464 480 0
w 464 480 544 480 0
368 544 624 544 592 0 0
x 547 620 582 623 4 12 Clk\sV\p
368 576 576 576 544 0 0
x 558 569 598 572 4 12 to\sVGG
x 556 509 599 512 4 12 BBD\sV\p
368 560 480 576 480 0 0
w 464 704 464 752 0
w 304 480 304 656 0
c 528 544 528 512 0 1e-8 -4.999908062295172
w 560 480 544 480 0
g 528 544 528 560 0
d 112 592 192 592 1 0.805904783
r 144 624 192 624 0 220000
r 144 672 192 672 0 2700
d 192 624 192 672 1 0.805904783
t 256 640 256 672 1 1 -4.810763679059992 0.188973917388738 100
r 256 640 256 576 0 33000
c 192 576 256 576 0 6.8e-11 4.7870750514842015
w 240 672 192 672 0
w 192 576 192 592 0
w 192 592 192 624 0
w 144 624 144 672 0
w 144 624 112 624 0
c 96 656 96 688 0 1e-8 4.999908062295173
g 96 688 96 704 0
g 32 688 32 704 0
209 32 656 32 688 0 0.00009999999999999999 4.999908062295172 1
w 32 624 112 624 0
r 16 608 16 560 0 10
g 272 672 272 688 0
R 48 560 48 528 0 0 40 5 0 0 0.5
368 192 576 192 512 0 0
368 256 576 256 512 0 0
x 181 499 205 502 4 12 OX1
x 244 498 268 501 4 12 OX3
S 304 656 304 704 0 1 false 1 2
S 96 656 96 640 0 1 false 1 2
w 112 624 112 640 0
S 528 512 528 496 0 1 false 1 2
w 544 480 544 496 0
S 32 624 32 608 0 1 false 1 2
R 16 560 16 528 0 0 40 5 0 0 0.5
r 48 608 48 560 0 33
g 400 656 400 672 0
g 464 656 464 672 0
w 544 624 544 640 0
S 528 656 528 640 0 1 false 1 2
c 528 688 528 656 0 1e-8 -4.855835830245638
g 528 688 528 704 0
S 368 528 416 528 0 1 false 1 2
w 416 480 304 480 0
w 416 480 416 512 0
w 416 544 464 544 0
w 144 672 144 704 0
w 144 704 288 704 0
w 464 704 320 704 0
S 368 576 368 592 0 1 false 1 2
209 336 608 336 656 0 0.00001 4.003285930424003 1
w 352 592 336 608 0
g 336 656 336 672 0
w 384 592 400 608 0
w 32 624 32 656 0
R 112 592 112 560 0 2 1 0.8 0 0 0.5
o 48 64 0 12289 0.0001 4.999908049702297 0 2 48 3
o 37 64 0 4099 5 0.00009765625 1 2 37 3
