$ 0 0.000005 153.04748616641584 50 5 50
x 205 62 359 65 4 24 HT\sChorus\sI/O
x 252 187 305 190 4 24 Input
g 496 160 496 176 0
c 496 112 496 160 0 1.5000000000000002e-9 4.44309763900913
w 496 80 496 112 0
r 432 112 496 112 0 8200
r 432 80 496 80 0 33000
R 432 80 432 48 0 0 40 5 0 0 0.5
r 176 96 224 96 0 10000
r 224 96 288 96 0 10000
r 288 96 352 96 0 10000
c 224 96 224 160 0 2.7e-9 4.959086922037075
g 224 160 224 176 0
c 288 96 288 160 0 6.8000000000000005e-9 0.6134210079933142
c 352 96 352 160 0 3.9e-10 4.877186774494866
t 352 96 432 96 0 1 -0.1228132255051344 0.5724709342256755 100
r 432 128 432 176 0 10000
g 432 176 432 192 0
g 352 160 352 176 0
w 416 160 288 160 0
w 96 144 96 224 0
w 80 112 96 112 0
w 0 112 0 320 0
r 0 112 80 112 0 56000
c 0 80 48 80 0 3.9e-9 -3.153418168987593
r 48 80 80 80 0 10000
w 0 80 0 112 0
w 80 80 80 112 0
a 96 128 176 128 0 5 0 1000000 2.3534181699922407 2.723427745730198
w 96 112 96 80 0
w 176 128 176 96 0
r 96 80 176 80 0 47000
r 480 336 528 336 0 47000
w 528 368 528 416 0
w 608 272 608 304 0
w 528 272 528 304 0
r 576 272 608 272 0 10000
c 528 272 576 272 0 3.9e-9 -1.4962420491605442
r 528 304 608 304 0 120000
w 608 352 608 304 0
w 528 336 528 304 0
209 480 336 416 336 0 0.000001 0.9951889555445408 3
w 96 416 528 416 0
w 96 224 64 224 0
w 96 224 96 416 0
a 528 352 608 352 0 5 0 1000000 2.7233856400001284 2.723427745730198
R 464 224 496 224 0 0 40 5 0 0 0.5
w 416 224 416 304 2
g 352 224 352 240 0
209 416 224 352 224 0 0.00009999999999999999 4.983675666527335 1
r 416 224 464 224 0 100
w 400 384 272 384 0
g 336 384 336 400 0
g 416 400 416 416 0
r 416 352 416 400 0 10000
t 336 320 416 320 0 1 -3.2578277081196116 0.5375759864678029 100
c 336 320 336 384 0 3.9e-10 1.725847958407724
c 272 320 272 384 0 6.8000000000000005e-9 0.5485450797896703
g 208 384 208 400 0
c 208 320 208 384 0 2.7e-9 1.748028277219369
r 272 320 336 320 0 10000
r 208 320 272 320 0 10000
r 160 320 208 320 0 10000
r 160 224 160 320 0 220000
c 112 320 160 320 0 3.3000000000000004e-8 -2.54205656305595
g 112 384 112 400 0
r 112 320 112 384 0 47000
r -32 160 -32 208 0 6200
r -32 208 -32 256 0 12000
g -32 256 -32 272 0
R -32 160 -32 144 0 0 40 5 0 0 0.5
w 0 208 48 208 2
t 48 208 64 208 0 1 -1.7144965454623455 0.5620757088074564 100
w 0 208 -32 208 0
r 64 224 64 272 0 10000
g 64 272 64 288 0
w 96 224 160 224 2
R 64 192 64 160 0 0 40 5 0 0 0.5
R 0 320 0 368 0 2 150 0.8 0 0 0.5
r 0 320 48 320 0 1000
c 48 320 48 384 0 1e-8 -0.7803842717805243
g 48 384 48 400 0
w 48 320 112 320 0
x 118 206 142 209 4 18 VE
x 236 288 308 291 4 24 Output
w 608 400 608 352 0
w 496 112 544 112 0
w 400 384 400 352 0
w 400 352 416 352 0
w 416 336 416 352 0
w 416 160 416 128 0
w 416 128 432 128 0
w 432 128 432 112 0
w 176 80 176 96 0
o 22 64 0 4354 2.5 0.1 0 2 22 3
o 86 64 0 4354 5 0.1 1 2 86 3
o 85 64 0 4354 10 0.1 1 2 85 3
